110.0
110.5
111.0
111.5
112.0
112.5
113.0
113.5
114.0
114.5
115.0
115.5
116.0
116.5
117.0
117.5
118.0
118.5
119.0
119.5
120.0
120.5
121.0
121.5
122.0
122.5
123.0
123.5
124.0
124.5
125.0
125.5
126.0
126.5
127.0
127.5
128.0
128.5
129.0
129.5
130.0
130.5
131.0
131.5
132.0
132.5
133.0
133.5
134.0
134.5
135.0
135.5
136.0
136.5
137.0
137.5
138.0
138.5
139.0
139.5
140.0
141.0
142.0
143.0
144.0
145.0
146.0
147.0
148.0
149.0
150.0
151.0
152.0
153.0
154.0
155.0
156.0
157.0
158.0
159.0
160.0
162.0
164.0
166.0
168.0
170.0
172.0
174.0
176.0
178.0
180.0
182.0
184.0
186.0
188.0
190.0
192.0
194.0
196.0
198.0
200.0
202.0
204.0
206.0
208.0
210.0
212.0
214.0
216.0
218.0
220.0
222.0
224.0
226.0
228.0
230.0
232.0
234.0
236.0
238.0
240.0
242.0
244.0
246.0
248.0
250.0
252.0
254.0
256.0
258.0
260.0
262.0
264.0
266.0
268.0
270.0
272.0
274.0
276.0
278.0
280.0
282.0
284.0
286.0
288.0
290.0
295.0
300.0
305.0
310.0
315.0
320.0
325.0
330.0
335.0
340.0
345.0
350.0
360.0
370.0
380.0
390.0
400.0