1 1 50
1 2 60
1 3 70
1 4 80
1 5 90
1 6 100
1 7 110
1 8 120
1 9 130
1 10 140
1 11 150
1 12 160
2 1 210
2 2 220
2 3 230
2 4 240
2 5 250
2 6 260
2 7 270
2 8 280
2 9 290
2 10 300
2 11 310
2 12 320
3 1 310
3 2 320
3 3 330
3 4 340
3 5 350
3 6 360
3 7 370
3 8 380
3 9 390
3 10 400
3 11 410
3 12 420
4 1 410
4 2 420
4 3 430
4 4 440
4 5 450
4 6 460
4 7 470
4 8 480
4 9 490
4 10 500
4 11 600
4 12 700
5 1 410
5 2 420
5 3 430
5 4 440
5 5 450
5 6 460
5 7 470
5 8 480
5 9 490
5 10 500
5 11 600
5 12 700
6 1 410
6 2 420
6 3 430
6 4 440
6 5 450
6 6 460
6 7 470
6 8 480
6 9 490
6 10 500
6 11 600
6 12 700
